[Main]
central_disp = 0
viewer_pos = 0.0,75.44091224246432,2753.593296849948
swivels = 0,0.0,0.0,0.0;1,-34.42,-905.2909469095719,-641.2477540609467
tilts = 0.0,0.0,0.0;0.0,0.0,0.0

